0  409.655 1 109.09363 10337 229
0.002  410.787 1 109.09462 10433 231
0.004  411.919 1 109.09462 10406 232
0.006  413.020 1 109.09462 10416 233
0.008  414.153 1 109.09462 10472 236
0.01  415.252 1 109.09363 10322 237
0.012  416.353 1 109.06175 10367 240
0.014  417.483 1 108.99303 10433 244
0.016  418.609 1 108.99303 10320 245
0.018  419.709 1 108.99402 10244 248
0.02  420.809 1 109.07371 10388 251
0.022  421.928 1 108.99402 10287 256
0.024  423.062 1 108.99402 10256 261
0.026  424.162 1 108.99502 10288 264
0.028  425.300 1 108.99502 10512 271
0.03  426.437 1 108.99402 10381 275
0.032  427.568 1 108.99402 10432 283
0.034  428.684 1 108.99402 10465 296
0.036  429.822 1 108.99502 10457 315
0.038  430.922 1 108.99502 10409 523
0.04  432.019 1 108.99402 10446 1490
0.042  433.148 1 109.01494 10516 1849
0.044  434.277 1 109.09462 10593 2008
0.046  435.379 1 109.09462 10496 2118
0.048  436.502 1 109.09462 10403 2228
0.05  437.631 1 109.02689 10445 2373
0.052  438.760 1 108.99402 10428 2495
0.054  439.895 1 108.99402 10385 2615
0.056  441.028 1 108.99502 10444 2756
0.058  442.130 1 108.99402 10466 2889
0.06  443.265 1 108.99402 10408 3002
0.062  444.395 1 108.99402 10436 3140
0.064  445.540 1 109.00797 10526 3298
0.066  446.662 1 109.09363 10504 3427
0.068  447.761 1 108.99402 10455 3544
0.07  448.891 1 108.99502 10495 3683
0.072  450.021 1 108.99303 10485 3812
0.074  451.157 1 108.99402 10585 3988
0.076  452.308 1 108.99303 10553 4120
0.078  453.439 1 108.99402 10519 4244
0.08  454.569 1 108.99303 10526 4400
0.082  455.703 1 108.94522 10501 4525
0.084  456.805 1 108.89442 10553 4686
0.086  457.936 1 108.89542 10578 4845
0.088  459.064 1 108.94522 10648 5013
0.09  460.202 1 108.94821 10630 5158
0.092  461.329 1 108.94522 10558 5263
0.094  462.458 1 108.94422 10654 5467
0.096  463.642 1 108.89343 10703 5639
0.098  464.774 1 108.89343 10712 5782
0.1  465.900 1 108.89343 10629 5897
0.102  467.000 1 108.89442 10543 6015
0.104  468.130 1 108.93526 10546 6142
0.106  469.285 1 108.89641 10528 6292
0.108  470.378 1 108.89442 10646 6511
0.11  471.480 1 108.89542 10692 6678
0.112  472.612 1 108.89343 10710 6841
0.114  473.737 1 108.89442 10668 6948
0.116  474.857 1 108.89442 10644 7031
0.118  475.990 1 108.89343 10672 7196
0.12  477.123 1 108.89542 10664 7357
0.122  478.253 1 108.89442 10686 7513
0.124  479.378 1 108.89442 10644 7628
0.126  480.479 1 108.89343 10636 7775
0.128  481.580 1 108.89442 10665 7877
0.13  482.765 1 108.89542 10696 8000
0.132  483.922 1 108.89542 10673 8171
0.134  485.051 1 108.89442 10722 8290
0.136  486.184 1 108.89542 10712 8409
0.138  487.315 1 108.89442 10747 8454
0.14  488.443 1 108.89542 10713 8569
0.142  489.544 1 108.89442 10670 8600
0.144  490.674 1 108.89542 10717 8680
0.146  491.775 1 108.89442 10717 8598
0.148  492.897 1 108.89442 10566 8444
0.15  493.998 1 108.89343 10690 8447
0.152  495.175 1 108.89442 10620 8307
0.154  496.303 1 108.89442 10670 8187
0.156  497.437 1 108.89442 10624 8064
0.158  498.538 1 108.89343 10657 8068
0.16  499.670 1 108.89343 10681 8072
0.162  500.790 1 108.89442 10598 7999
0.164  501.910 1 108.89442 10680 7885
0.166  503.042 1 108.89442 10626 7559
0.168  504.175 1 108.89442 10758 6761
0.17  505.276 1 108.89442 10705 5336
0.172  506.402 1 108.89542 10673 3473
0.174  507.503 1 108.89542 10703 2830
0.176  508.621 1 108.89442 10742 4092
0.178  509.755 1 108.89542 10726 5573
0.18  510.887 1 108.89442 10737 6091
0.182  511.990 1 108.89542 10680 5512
0.184  513.121 1 108.86255 10737 4304
0.186  514.223 1 108.79482 10755 2910
0.188  515.322 1 108.79582 10772 2038
0.19  516.416 1 108.79482 10730 1850
0.192  517.545 1 108.80777 10877 1980
0.194  518.674 1 108.85558 10801 2091
0.196  519.831 1 108.84661 10842 2070
0.198  520.930 1 108.84562 10815 1920
0.2  522.046 1 108.82171 10806 1694
0.202  523.209 1 108.79582 10827 1474
0.204  524.336 1 108.79582 10736 1263
0.206  525.436 1 108.79084 10712 1093
0.208  526.565 1 108.78884 10967 965
0.21  527.693 1 108.78785 10365 831
0.212  528.792 1 108.78884 10292 758
0.214  529.921 1 108.83665 10333 694
0.216  531.048 1 108.98705 10365 631
0.218  532.181 1 109.09363 10378 572
0.22  533.316 1 109.43028 10362 522
0.222  534.420 1 109.68327 10801 496
0.224  535.536 1 109.68526 10682 458
0.226  536.637 1 109.63745 10734 425
0.228  537.773 1 109.58566 10659 397
0.23  538.896 1 109.58566 10684 379
0.232  540.027 1 109.58566 10696 366
0.234  541.127 1 109.58466 10664 359
0.236  542.259 1 109.58466 10677 357
0.238  543.392 1 109.58566 10570 355
0.24  544.508 1 109.58566 10680 357
0.242  545.609 1 109.58566 10647 359
0.244  546.725 1 109.58566 10688 367
0.246  547.856 1 109.58665 10700 378
0.248  548.990 1 109.58665 10656 388
0.25  550.117 1 109.58665 10608 397
0.252  551.216 1 109.58566 10645 408
0.254  552.345 1 109.58566 10553 414
0.256  553.477 1 109.58566 10567 423
0.258  554.608 1 109.58466 10619 433
0.26  555.727 1 109.58566 10643 444
0.262  556.830 1 109.58566 10703 452
0.264  557.960 1 109.51295 10670 454
0.266  559.086 1 109.48506 10602 457
0.268  560.236 1 109.48606 10728 462
0.27  561.369 1 109.48606 10793 461
0.272  562.502 1 109.48606 10621 456
0.274  563.627 1 109.48606 10642 453
0.276  564.753 1 109.48406 10735 449
0.278  565.882 1 109.48606 10717 439
0.28  566.997 1 109.48406 10722 430
0.282  568.166 1 109.48307 10739 418
0.284  569.296 1 109.48506 10693 411
0.286  570.398 1 109.48506 10627 401
0.288  571.498 1 109.48606 10635 393
0.29  572.619 1 109.48506 10602 384
0.292  573.758 1 109.48506 10678 375
0.294  574.857 1 109.48606 10666 365
0.296  575.987 1 109.48705 10582 352
0.298  577.114 1 109.48606 10652 345
0.3  578.243 1 109.54084 10560 336
0.302  579.344 1 109.53685 10553 325
0.304  580.442 1 109.53586 10588 317
0.306  581.574 1 109.53486 10547 307
0.308  582.674 1 109.48506 10554 297
0.31  583.805 1 109.48506 10559 290
0.312  584.941 1 109.48506 10568 282
0.314  586.042 1 109.48705 10634 276
0.316  587.142 1 109.48606 10599 269
0.318  588.275 1 109.45518 10580 264
0.32  589.374 1 109.42829 10696 259
0.322  590.475 1 109.48705 10652 253
0.324  591.604 1 109.48207 10613 250
0.326  592.740 1 109.43426 10667 247
0.328  593.881 1 109.41534 10702 245
0.33  595.001 1 109.48008 10771 241
0.332  596.132 1 109.38645 10741 240
0.334  597.266 1 109.4492 10671 237
0.336  598.365 1 109.48606 10711 235
0.338  599.492 1 109.48606 10802 236
0.34  600.612 1 109.48606 10754 236
0.342  601.716 1 109.38645 10805 236
0.344  602.842 1 109.43625 10886 236
0.346  603.962 1 109.38745 10819 237
0.348  605.095 1 109.38745 10853 238
0.35  606.206 1 109.38645 10907 239
0.352  607.331 1 109.38546 10778 240
0.354  608.487 1 109.38745 10718 241
0.356  609.633 1 109.38546 10592 242
0.358  610.787 1 109.38745 10618 244
0.36  611.889 1 109.38645 10603 247
0.362  612.982 1 109.38645 10668 249
0.364  614.109 1 109.38546 10688 251
0.366  615.237 1 109.38745 10641 251
0.368  616.356 1 109.38645 10652 254
0.37  617.488 1 109.38745 10670 256
0.372  618.611 1 109.38645 10668 258
0.374  619.726 1 109.38546 10705 259
0.376  620.871 1 109.38546 10747 259
0.378  621.972 1 109.38546 10575 260
0.38  623.099 1 109.38645 10666 262
0.382  624.231 1 109.38645 10762 261
0.384  625.334 1 109.38645 10669 259
0.386  626.468 1 109.38645 10740 260
0.388  627.596 1 109.38645 10771 260
0.39  628.750 1 109.38745 10780 260
0.392  629.884 1 109.38645 10658 258
0.394  631.004 1 109.38645 10698 256
0.396  632.106 1 109.38645 10684 256
0.398  633.237 1 109.38645 10680 255
0.4  634.335 1 109.38645 10646 256
0.402  635.463 1 109.38645 10699 253
0.404  636.592 1 109.38645 10783 252
0.406  637.723 1 109.4004 10685 250
0.408  638.823 1 109.44721 10663 248
0.41  639.956 1 109.43924 10683 247
0.412  641.086 1 109.43725 10742 245
0.414  642.217 1 109.41534 10723 245
0.416  643.319 1 109.38645 10636 243
0.418  644.449 1 109.38745 10723 241
0.42  645.578 1 109.36753 10716 239
0.422  646.700 1 109.28785 10675 238
0.424  647.831 1 109.28685 10720 237
0.426  648.958 1 109.33367 10728 237
0.428  650.094 1 109.28884 10794 236
0.43  651.229 1 109.28785 10760 234
0.432  652.328 1 109.28785 10759 234
0.434  653.466 1 109.28785 10823 233
0.436  654.603 1 109.28586 10776 231
0.438  655.719 1 109.28685 10753 231
0.44  656.849 1 109.28685 10793 231
0.442  657.979 1 109.28586 10842 229
0.444  659.113 1 109.28685 10805 226
0.446  660.243 1 109.28685 10687 226
0.448  661.381 1 109.28685 10686 226
0.45  662.515 1 109.28685 10655 224
0.452  663.643 1 109.28685 10639 224
0.454  664.742 1 109.28685 10711 227
0.456  665.916 1 109.28685 10657 224
0.458  667.046 1 109.28685 10634 224
0.46  668.172 1 109.28685 10786 224
0.462  669.273 1 109.28685 10743 223
0.464  670.374 1 109.28685 10648 224
0.466  671.505 1 109.28685 10669 225
0.468  672.634 1 109.28586 10635 225
0.47  673.738 1 109.20717 10707 224
0.472  674.869 1 109.18725 10663 227
0.474  676.001 1 109.19223 10633 225
0.476  677.124 1 109.24602 10666 226
0.478  678.255 1 109.24801 10671 227
0.48  679.388 1 109.23606 10674 227
0.482  680.486 1 109.19024 10608 228
0.484  681.589 1 109.18526 10668 224
0.486  682.727 1 109.21713 10726 225
0.488  683.865 1 109.23606 10753 225
0.49  684.967 1 109.28685 10761 224
0.492  686.067 1 109.18625 10751 225
0.494  687.200 1 109.18725 10700 225
0.496  688.337 1 109.18625 10703 225
0.498  689.456 1 109.18625 10725 223
0.5  690.575 1 109.18625 10742 224
0.502  691.695 1 109.19223 10682 224
0.504  692.796 1 109.18625 10656 225
0.506  693.930 1 109.18924 10565 225
0.508  695.035 1 109.18825 10633 224
0.51  696.137 1 109.18825 10718 225
0.512  697.239 1 109.20518 10726 223
0.514  698.343 1 109.24402 10800 225
0.516  699.478 1 109.24004 10735 225
0.518  700.580 1 109.23606 10772 224
0.52  701.681 1 109.21514 10706 226
0.522  702.819 1 109.18526 10675 224
0.524  703.956 1 109.18825 10734 224
0.526  705.077 1 109.18725 10733 222
0.528  706.214 1 109.18725 10739 223
0.53  707.315 1 109.19024 10711 223
0.532  708.432 1 109.18625 10628 222
0.534  709.564 1 109.18625 10650 223
0.536  710.685 1 109.18625 10745 222
0.538  711.826 1 109.18625 10683 216
0.54  712.958 1 109.18625 10676 215
0.542  714.084 1 109.18625 10656 211
0.544  715.219 1 109.18924 10778 209
0.546  716.361 1 109.18725 10593 212
0.548  717.487 1 109.18625 10573 217
0.55  718.632 1 109.19024 10587 216
0.552  719.772 1 109.19024 10671 216
0.554  720.899 1 109.18825 10614 216
0.556  722.032 1 109.18725 10674 216
0.558  723.136 1 109.18625 10659 215
0.56  724.265 1 109.19024 10512 214
0.562  725.368 1 109.14641 10575 214
0.564  726.487 1 109.09462 10622 213
0.566  727.666 1 109.09462 10624 212
0.568  728.768 1 109.09462 10631 213
0.57  729.898 1 109.09462 10598 214
0.572  731.028 1 109.09562 10596 213
0.574  732.149 1 109.09462 10624 214
0.576  733.281 1 109.09462 10577 214
0.578  734.402 1 109.09462 10699 215
0.58  735.523 1 109.09462 10666 214
0.582  736.651 1 109.09462 10571 215
0.584  737.782 1 109.09462 10599 217
0.586  738.902 1 109.09462 10644 217
0.588  740.035 1 109.09462 10679 216
0.59  741.139 1 109.09462 10604 218
0.592  742.244 1 109.09562 10576 219
0.594  743.378 1 109.09462 10625 219
0.596  744.491 1 109.09562 10650 217
0.598  745.593 1 109.09462 10725 218
0.6  746.723 1 109.09363 10634 217