0  334.843 1 108.79482 11622 231
0.002  335.963 1 108.79482 11726 232
0.004  337.066 1 108.79482 11642 234
0.006  338.200 1 108.79482 11669 233
0.008  339.316 1 108.751 11601 235
0.01  340.433 1 108.69522 11658 235
0.012  341.534 1 108.73406 11664 236
0.014  342.634 1 108.74602 11663 237
0.016  343.763 1 108.69522 11719 240
0.018  344.917 1 108.69522 11612 242
0.02  346.020 1 108.69522 11588 245
0.022  347.164 1 108.69522 11572 250
0.024  348.291 1 108.69522 11603 255
0.026  349.391 1 108.69522 11682 260
0.028  350.526 1 108.69622 11686 266
0.03  351.627 1 108.77291 11666 274
0.032  352.729 1 108.79582 11757 284
0.034  353.861 1 108.77092 11738 294
0.036  354.978 1 108.69721 11705 302
0.038  356.078 1 108.69622 11693 317
0.04  357.217 1 108.69422 11806 338
0.042  358.311 1 108.68924 11677 368
0.044  359.429 1 108.68924 11252 511
0.046  360.567 1 108.69024 11197 1832
0.048  361.686 1 108.79382 11242 2065
0.05  362.854 1 109.02988 11272 2222
0.052  363.984 1 109.08665 11381 2374
0.054  365.119 1 109.31972 11346 2503
0.056  366.259 1 109.62749 11325 2630
0.058  367.360 1 109.82271 11917 2924
0.06  368.490 1 109.88347 11825 3064
0.062  369.624 1 109.88347 11820 3204
0.064  370.759 1 109.88347 11814 3340
0.066  371.886 1 109.88347 11807 3483
0.068  373.029 1 109.88247 11808 3617
0.07  374.157 1 109.83964 11877 3765
0.072  375.284 1 109.88446 12020 3936
0.074  376.417 1 109.83665 11927 4045
0.076  377.549 1 109.85757 11872 4180
0.078  378.678 1 109.78386 12018 4353
0.08  379.797 1 109.83267 11936 4480
0.082  380.927 1 109.8506 11869 4612
0.084  382.068 1 109.93426 11836 4726
0.086  383.187 1 109.93327 11869 4865
0.088  384.317 1 109.92032 11886 5025
0.09  385.443 1 109.85558 11901 5189
0.092  386.572 1 109.78386 11811 5335
0.094  387.703 1 109.84661 11994 5518
0.096  388.825 1 109.8008 11907 5605
0.098  389.950 1 109.78287 11900 5771
0.1  391.085 1 109.78287 11866 5945
0.102  392.202 1 109.78287 11945 6125
0.104  393.301 1 109.78287 11927 6235
0.106  394.425 1 109.78287 11874 6355
0.108  395.554 1 109.78386 11875 6519
0.11  396.683 1 109.78287 12062 6719
0.112  397.784 1 109.78386 12016 6877
0.114  398.919 1 109.78386 11928 6995
0.116  400.051 1 109.78386 12017 7160
0.118  401.174 1 109.78287 12013 7315
0.12  402.312 1 109.78287 12072 7479
0.122  403.445 1 109.78287 12017 7568
0.124  404.544 1 109.78287 11916 7689
0.126  405.676 1 109.78287 11867 7788
0.128  406.775 1 109.78187 11829 7941
0.13  407.905 1 109.78287 11930 8060
0.132  409.035 1 109.78287 11875 8157
0.134  410.152 1 109.78187 11987 8305
0.136  411.284 1 109.71315 12006 8488
0.138  412.419 1 109.68327 11927 8562
0.14  413.592 1 109.68327 11899 8691
0.142  414.694 1 109.68227 11872 8741
0.144  415.825 1 109.68327 11745 8791
0.146  416.956 1 109.68227 11915 8922
0.148  418.079 1 109.65239 11953 9030
0.15  419.178 1 109.58367 11863 9049
0.152  420.306 1 109.58267 11798 9122
0.154  421.434 1 109.58367 11870 9202
0.156  422.551 1 109.58267 11804 9235
0.158  423.679 1 109.58367 11847 9246
0.16  424.804 1 109.58367 11833 9165
0.162  425.966 1 109.58367 11873 9203
0.164  427.066 1 109.58367 11771 9012
0.166  428.166 1 109.58367 11779 8873
0.168  429.297 1 109.58367 11823 8575
0.17  430.429 1 109.63147 11869 8103
0.172  431.550 1 109.68227 11821 7346
0.174  432.651 1 109.58466 11787 6117
0.176  433.785 1 109.58267 11743 4263
0.178  434.905 1 109.62649 11772 2429
0.18  436.041 1 109.58267 11874 2022
0.182  437.143 1 109.58267 11843 3311
0.184  438.313 1 109.55179 11928 4761
0.186  439.450 1 109.52789 11868 5244
0.188  440.586 1 109.53287 11934 4709
0.19  441.729 1 109.53287 11939 3541
0.192  442.858 1 109.5757 11898 2242
0.194  443.977 1 109.58466 11742 1448
0.196  445.079 1 109.58466 11805 1296
0.198  446.216 1 109.58367 11802 1446
0.2  447.361 1 109.58267 11826 1655
0.202  448.531 1 109.58267 11786 1780
0.204  449.635 1 109.58367 11813 1755
0.206  450.763 1 109.58267 11827 1660
0.208  451.893 1 109.58367 11763 1540
0.21  453.010 1 109.58267 11891 1438
0.212  454.139 1 109.58267 11890 1329
0.214  455.266 1 109.58367 11817 1229
0.216  456.384 1 109.58367 11771 1161
0.218  457.511 1 109.58367 11801 1124
0.22  458.686 1 109.48406 11829 1081
0.222  459.819 1 109.48406 11749 1023
0.224  460.935 1 109.48307 11759 970
0.226  462.078 1 109.48307 11696 922
0.228  463.207 1 109.48406 11570 873
0.23  464.345 1 109.48307 11588 826
0.232  465.464 1 109.48406 11575 770
0.234  466.596 1 109.48406 11568 714
0.236  467.719 1 109.48506 11511 671
0.238  468.907 1 109.48406 11645 637
0.24  470.039 1 109.48406 11597 600
0.242  471.140 1 109.48406 11500 564
0.244  472.278 1 109.48406 11720 536
0.246  473.413 1 109.48506 11565 505
0.248  474.534 1 109.48406 11648 484
0.25  475.684 1 109.48506 11733 466
0.252  476.817 1 109.47112 11721 445
0.254  477.949 1 109.38446 11692 429
0.256  479.081 1 109.44323 11751 417
0.258  480.183 1 109.43426 11668 403
0.26  481.318 1 109.48406 11558 392
0.262  482.450 1 109.48406 11605 386
0.264  483.580 1 109.48406 11677 381
0.266  484.712 1 109.48307 11723 378
0.268  485.845 1 109.45219 11818 374
0.27  486.973 1 109.38546 11605 366
0.272  488.106 1 109.38446 11698 364
0.274  489.235 1 109.38446 11633 359
0.276  490.368 1 109.38446 11649 354
0.278  491.470 1 109.38347 11684 350
0.28  492.568 1 109.38347 11654 342
0.282  493.699 1 109.38347 11695 336
0.284  494.819 1 109.38347 11664 325
0.286  495.995 1 109.38446 11646 316
0.288  497.098 1 109.32271 11651 311
0.29  498.229 1 109.33267 11677 308
0.292  499.330 1 109.33367 11557 303
0.294  500.462 1 109.33665 11629 298
0.296  501.564 1 109.38446 11613 295
0.298  502.717 1 109.31574 11593 291
0.3  503.848 1 109.36454 11737 289
0.302  504.960 1 109.38446 11701 286
0.304  506.130 1 109.3755 11590 284
0.306  507.231 1 109.28486 11672 281
0.308  508.348 1 109.28486 11559 281
0.31  509.466 1 109.28486 11583 278
0.312  510.595 1 109.28486 11507 276
0.314  511.729 1 109.28486 11456 277
0.316  512.850 1 109.33865 11537 276
0.318  513.951 1 109.36155 11446 277
0.32  515.082 1 109.28486 11526 280
0.322  516.194 1 109.28586 11655 280
0.324  517.320 1 109.28486 11687 281
0.326  518.451 1 109.28486 11722 280
0.328  519.572 1 109.28586 11664 281
0.33  520.701 1 109.28486 11738 283
0.332  521.829 1 109.28586 11686 285
0.334  522.963 1 109.28486 11667 286
0.336  524.096 1 109.28486 11734 289
0.338  525.227 1 109.28586 11777 291
0.34  526.348 1 109.28486 11690 289
0.342  527.481 1 109.28486 11629 289
0.344  528.610 1 109.28486 11817 289
0.346  529.741 1 109.28486 11745 292
0.348  530.877 1 109.28486 11588 292
0.35  532.006 1 109.28486 11673 292
0.352  533.140 1 109.28586 11636 292
0.354  534.278 1 109.28586 11567 290
0.356  535.379 1 109.28386 11598 290
0.358  536.512 1 109.18426 11529 290
0.36  537.645 1 109.25996 11498 288
0.362  538.805 1 109.23904 11508 287
0.364  539.941 1 109.18426 11450 285
0.366  541.072 1 109.18526 11551 283
0.368  542.176 1 109.18526 11534 282
0.37  543.296 1 109.18426 11563 281
0.372  544.428 1 109.18526 11563 277
0.374  545.562 1 109.25797 11608 276
0.376  546.686 1 109.28586 11637 271
0.378  547.785 1 109.28586 11573 271
0.38  548.906 1 109.25299 11618 268
0.382  550.000 1 109.18426 11711 265
0.384  551.130 1 109.25 11631 260
0.386  552.231 1 109.20219 11662 258
0.388  553.330 1 109.18526 11670 255
0.39  554.427 1 109.18725 11625 253
0.392  555.529 1 109.18426 11622 250
0.394  556.639 1 109.25299 11555 247
0.396  557.754 1 109.24203 11486 244
0.398  558.855 1 109.24203 11436 240
0.4  559.967 1 109.2241 11485 239
0.402  561.102 1 109.18327 11494 237
0.404  562.204 1 109.18426 11630 232
0.406  563.333 1 109.18426 11517 232
0.408  564.472 1 109.18526 11564 230
0.41  565.603 1 109.18426 11563 229
0.412  566.742 1 109.19124 11485 229
0.414  567.896 1 109.18426 11506 229
0.416  569.031 1 109.18426 11527 229
0.418  570.164 1 109.18526 11396 231
0.42  571.300 1 109.18526 11472 231
0.422  572.403 1 109.18924 11398 229
0.424  573.534 1 109.18725 11462 231
0.426  574.670 1 109.18127 11422 232
0.428  575.806 1 109.09263 11530 231
0.43  576.945 1 109.09163 11575 230
0.432  578.079 1 109.19124 11659 229
0.434  579.206 1 109.19124 11660 230
0.436  580.359 1 109.18426 11588 230
0.438  581.491 1 109.18526 11517 230
0.44  582.642 1 109.18924 11582 232
0.442  583.769 1 109.19223 11602 231
0.444  584.870 1 109.18625 11708 229
0.446  586.002 1 109.1006 11586 229
0.448  587.135 1 109.09263 11607 228
0.45  588.263 1 109.18625 11619 228
0.452  589.411 1 109.14442 11661 229
0.454  590.538 1 109.10956 11709 229
0.456  591.721 1 109.18924 11714 227
0.458  592.852 1 109.13048 11774 228
0.46  593.953 1 109.15837 11702 226
0.462  595.104 1 109.18825 11712 226
0.464  596.269 1 109.18526 11669 225
0.466  597.369 1 109.18526 11782 227
0.468  598.493 1 109.16633 11780 226
0.47  599.624 1 109.09263 11726 224
0.472  600.749 1 109.09263 11742 221
0.474  601.871 1 109.09163 11781 223
0.476  603.005 1 109.09163 11743 225
0.478  604.140 1 109.09263 11754 227
0.48  605.273 1 109.09263 11730 226
0.482  606.375 1 109.09163 11789 227
0.484  607.512 1 109.09163 11791 228
0.486  608.645 1 109.09263 11770 228
0.488  609.760 1 109.09163 11840 228
0.49  610.891 1 109.09263 11816 228
0.492  612.072 1 109.09263 11704 228
0.494  613.198 1 109.09263 11663 228
0.496  614.299 1 109.09163 11700 227
0.498  615.422 1 109.09263 11716 224
0.5  616.549 1 109.04681 11758 226
0.502  617.650 1 109.03884 11810 226
0.504  618.782 1 109.04183 11690 227
0.506  619.915 1 109.04183 11703 226
0.508  621.035 1 109.08367 11582 227
0.51  622.136 1 109.09363 11624 226
0.512  623.267 1 109.09263 11564 226
0.514  624.401 1 109.09363 11572 226
0.516  625.546 1 109.09263 11598 225
0.518  626.678 1 109.09363 11633 224
0.52  627.809 1 109.09263 11608 225
0.522  628.945 1 109.09163 11597 225
0.524  630.077 1 109.09263 11650 225
0.526  631.180 1 109.09363 11637 225
0.528  632.282 1 109.09263 11602 225
0.53  633.420 1 109.09363 11586 223
0.532  634.549 1 109.09263 11619 224
0.534  635.681 1 109.09263 11623 224
0.536  636.806 1 109.09363 11641 222
0.538  637.931 1 109.09263 11637 222
0.54  639.061 1 109.09263 11703 223
0.542  640.190 1 109.06474 11664 221
0.544  641.325 1 108.99203 11698 221
0.546  642.465 1 109.09163 11696 223
0.548  643.591 1 109.09263 11608 222
0.55  644.712 1 109.09363 11621 221
0.552  645.841 1 109.06175 11586 220
0.554  646.964 1 109.04482 11543 219
0.556  648.106 1 109.03685 11556 218
0.558  649.237 1 109.06275 11645 217
0.56  650.367 1 108.99402 11685 218
0.562  651.496 1 108.99303 11672 217
0.564  652.598 1 108.99402 11779 218
0.566  653.699 1 108.99402 11712 218
0.568  654.800 1 108.99303 11644 217
0.57  655.926 1 108.99402 11527 217
0.572  657.057 1 108.99402 11592 217
0.574  658.193 1 108.99502 11616 218
0.576  659.321 1 108.99402 11551 217
0.578  660.450 1 108.99502 11650 217
0.58  661.581 1 108.99502 11691 216
0.582  662.744 1 108.99402 11656 219
0.584  663.872 1 108.99402 11690 217
0.586  665.003 1 108.99303 11686 216
0.588  666.136 1 108.98805 11595 215
0.59  667.269 1 108.98705 11717 215
0.592  668.402 1 108.98606 11307 214
0.594  669.530 1 109.01295 11345 215
0.596  670.662 1 109.28785 11285 215
0.598  671.792 1 109.64442 11344 216
0.6  672.920 1 109.68426 11736 215