0  420.736 1 109.78586 13151 235
0.002  421.841 1 109.78486 13129 237
0.004  422.999 1 109.78586 13262 237
0.006  424.103 1 109.80179 13230 239
0.008  425.269 1 109.86554 13128 243
0.01  426.420 1 109.78486 13151 246
0.012  427.549 1 109.78486 13182 249
0.014  428.680 1 109.78486 13181 252
0.016  429.813 1 109.78586 13140 254
0.018  430.912 1 109.78586 13113 256
0.02  432.049 1 109.78685 13151 261
0.022  433.188 1 109.77191 13118 269
0.024  434.313 1 109.71414 13190 281
0.026  435.447 1 109.78586 13288 300
0.028  436.551 1 109.78586 13200 324
0.03  437.690 1 109.78486 13140 821
0.032  438.825 1 109.7749 13164 1678
0.034  439.978 1 109.68526 13201 1937
0.036  441.096 1 109.76494 13156 2067
0.038  442.225 1 109.78586 13123 2193
0.04  443.356 1 109.78586 13216 2345
0.042  444.486 1 109.78586 13193 2480
0.044  445.608 1 109.78586 13207 2621
0.046  446.739 1 109.78685 13115 2732
0.048  447.875 1 109.70518 13138 2873
0.05  449.002 1 109.68725 13087 2999
0.052  450.129 1 109.70916 13022 3119
0.054  451.244 1 109.74801 13109 3278
0.056  452.373 1 109.71514 13157 3423
0.058  453.473 1 109.68426 13104 3542
0.06  454.590 1 109.65637 13052 3681
0.062  455.726 1 109.77291 13103 3842
0.064  456.842 1 109.68725 13126 3997
0.066  457.960 1 109.68625 13224 4167
0.068  459.083 1 109.68625 13177 4282
0.07  460.215 1 109.68625 13174 4430
0.072  461.314 1 109.68725 13145 4593
0.074  462.445 1 109.68725 13145 4734
0.076  463.544 1 109.71016 13194 4909
0.078  464.679 1 109.7012 13154 5031
0.08  465.812 1 109.68625 13049 5159
0.082  466.945 1 109.68725 13126 5349
0.084  468.080 1 109.68625 13107 5491
0.086  469.180 1 109.68625 13177 5663
0.088  470.310 1 109.68625 13220 5828
0.09  471.441 1 109.68625 13200 5995
0.092  472.573 1 109.68625 13087 6103
0.094  473.702 1 109.68625 13061 6235
0.096  474.833 1 109.68625 13051 6416
0.098  475.936 1 109.68625 13115 6602
0.1  477.067 1 109.68625 13079 6736
0.102  478.169 1 109.68625 13088 6880
0.104  479.300 1 109.68625 12998 7049
0.106  480.439 1 109.68526 13014 7220
0.108  481.568 1 109.68526 13079 7401
0.11  482.698 1 109.68625 13102 7553
0.112  483.797 1 109.68725 13116 7739
0.114  484.944 1 109.68625 13074 7871
0.116  486.046 1 109.65538 13036 8020
0.118  487.147 1 109.58665 13138 8217
0.12  488.276 1 109.58665 13036 8307
0.122  489.407 1 109.58765 12990 8381
0.124  490.535 1 109.58665 13123 8628
0.126  491.635 1 109.58665 13170 8776
0.128  492.762 1 109.58765 13099 8881
0.13  493.891 1 109.58665 13178 9016
0.132  495.017 1 109.58765 13252 9084
0.134  496.117 1 109.58765 13224 9151
0.136  497.249 1 109.60359 13141 9174
0.138  498.380 1 109.68625 13139 9122
0.14  499.509 1 109.59562 13190 9102
0.142  500.631 1 109.58665 13224 9031
0.144  501.761 1 109.68227 13215 8894
0.146  502.861 1 109.68725 13080 8761
0.148  503.992 1 109.64741 13007 8677
0.15  505.095 1 109.58665 13145 8720
0.152  506.235 1 109.58665 13175 8761
0.154  507.363 1 109.58566 13105 8711
0.156  508.543 1 109.58765 13101 8567
0.158  509.678 1 109.58765 13184 8150
0.16  510.801 1 109.58665 13225 7237
0.162  511.902 1 109.58566 13172 5374
0.164  513.034 1 109.65339 13120 3208
0.166  514.135 1 109.63745 13067 2991
0.168  515.271 1 109.63745 13132 4836
0.17  516.417 1 109.63147 13163 6289
0.172  517.576 1 109.58665 13193 6436
0.174  518.706 1 109.58665 13164 5598
0.176  519.832 1 109.58665 13115 4074
0.178  520.968 1 109.58566 13107 2592
0.18  522.106 1 109.58665 13116 1863
0.182  523.205 1 109.58665 13227 1796
0.184  524.328 1 109.58665 13219 1964
0.186  525.462 1 109.58665 13215 2052
0.188  526.564 1 109.58665 13185 1962
0.19  527.692 1 109.58665 13203 1774
0.192  528.821 1 109.58665 13160 1543
0.194  529.952 1 109.58665 13165 1316
0.196  531.046 1 109.51096 13178 1111
0.198  532.147 1 109.57171 13204 944
0.2  533.282 1 109.58665 13089 827
0.202  534.400 1 109.56972 13104 738
0.204  535.520 1 109.53287 13137 660
0.206  536.647 1 109.48705 13175 596
0.208  537.778 1 109.54582 13079 543
0.21  538.896 1 109.51693 13151 503
0.212  540.024 1 109.53287 13176 467
0.214  541.125 1 109.48705 13207 436
0.216  542.255 1 109.48705 13011 409
0.218  543.349 1 109.48705 12952 393
0.22  544.476 1 109.48705 13101 388
0.222  545.607 1 109.48705 13134 385
0.224  546.726 1 109.48805 13061 388
0.226  547.884 1 109.48705 13112 393
0.228  549.005 1 109.48705 13135 403
0.23  550.108 1 109.43426 13051 412
0.232  551.239 1 109.46414 13031 428
0.234  552.374 1 109.48805 13045 446
0.236  553.477 1 109.48805 13167 464
0.238  554.581 1 109.48705 13171 482
0.24  555.711 1 109.48606 13123 497
0.242  556.849 1 109.48805 13081 515
0.244  557.982 1 109.48705 13099 533
0.246  559.083 1 109.48705 13074 551
0.248  560.217 1 109.48805 13029 562
0.25  561.378 1 109.41434 13046 571
0.252  562.534 1 109.38845 13054 581
0.254  563.673 1 109.38745 13153 591
0.256  564.791 1 109.39143 13042 596
0.258  565.891 1 109.48705 13069 599
0.26  567.018 1 109.48805 13020 595
0.262  568.118 1 109.48705 13044 592
0.264  569.275 1 109.38745 12936 584
0.266  570.455 1 109.38745 13108 580
0.268  571.571 1 109.38745 13062 566
0.27  572.694 1 109.38845 13089 552
0.272  573.822 1 109.32171 13071 533
0.274  574.938 1 109.36355 13117 519
0.276  576.040 1 109.35857 13170 506
0.278  577.141 1 109.34661 13187 491
0.28  578.268 1 109.38845 13183 477
0.282  579.401 1 109.38845 13140 463
0.284  580.560 1 109.38845 13166 447
0.286  581.706 1 109.38745 13104 431
0.288  582.829 1 109.38745 13085 416
0.29  583.966 1 109.38845 13195 402
0.292  585.103 1 109.38745 13020 386
0.294  586.206 1 109.38845 13159 370
0.296  587.340 1 109.38745 13248 356
0.298  588.472 1 109.38845 13211 342
0.3  589.594 1 109.38645 13152 326
0.302  590.729 1 109.38745 13213 314
0.304  591.866 1 109.38745 13151 301
0.306  592.968 1 109.38745 13055 291
0.308  594.104 1 109.38745 13105 281
0.31  595.197 1 109.38347 13009 271
0.312  596.329 1 109.28884 13053 264
0.314  597.463 1 109.28785 13078 256
0.316  598.565 1 109.28785 13240 251
0.318  599.698 1 109.28884 13194 246
0.32  600.800 1 109.28884 13213 242
0.322  601.899 1 109.28785 13232 239
0.324  603.032 1 109.28884 13210 236
0.326  604.133 1 109.28785 13173 233
0.328  605.236 1 109.28884 13236 233
0.33  606.337 1 109.28785 13355 233
0.332  607.440 1 109.28884 13205 232
0.334  608.542 1 109.28785 13163 234
0.336  609.673 1 109.28785 13112 236
0.338  610.807 1 109.28884 13286 240
0.34  611.907 1 109.28984 13334 242
0.342  613.038 1 109.28984 13260 246
0.344  614.167 1 109.28984 13129 249
0.346  615.277 1 109.28984 13107 256
0.348  616.419 1 109.28984 13154 258
0.35  617.552 1 109.28884 13126 262
0.352  618.684 1 109.28984 13238 267
0.354  619.802 1 109.28884 13192 270
0.356  620.897 1 109.24104 13226 275
0.358  622.031 1 109.28984 13234 279
0.36  623.161 1 109.28984 13126 281
0.362  624.294 1 109.28884 13143 282
0.364  625.427 1 109.28884 13229 284
0.366  626.551 1 109.28287 13119 287
0.368  627.684 1 109.28287 13173 288
0.37  628.802 1 109.28287 12665 286
0.372  629.938 1 109.30777 12748 286
0.374  631.039 1 109.62151 12771 286
0.376  632.166 1 109.71614 13267 291
0.378  633.267 1 109.78685 13227 290
0.38  634.396 1 109.72012 13140 287
0.382  635.526 1 109.73606 13235 286
0.384  636.681 1 109.73805 13170 283
0.386  637.781 1 109.74502 13110 280
0.388  638.913 1 109.78785 13193 278
0.39  640.044 1 109.78785 13193 275
0.392  641.162 1 109.78685 13122 272
0.394  642.298 1 109.78586 12977 268
0.396  643.397 1 109.78586 13017 265
0.398  644.526 1 109.78685 13003 263
0.4  645.659 1 109.78586 12975 260
0.402  646.793 1 109.78685 13008 257
0.404  647.910 1 109.68725 12976 254
0.406  649.033 1 109.68825 13007 250
0.408  650.154 1 109.68725 12995 249
0.41  651.286 1 109.68725 13055 246
0.412  652.406 1 109.68725 13046 242
0.414  653.535 1 109.68725 13087 241
0.416  654.671 1 109.68725 13043 237
0.418  655.800 1 109.68725 12949 236
0.42  656.929 1 109.68625 12991 234
0.422  658.028 1 109.68625 13164 232
0.424  659.127 1 109.68725 13070 230
0.426  660.256 1 109.68725 13030 228
0.428  661.379 1 109.65339 13064 227
0.43  662.496 1 109.68526 13047 224
0.432  663.670 1 109.68625 13025 221
0.434  664.800 1 109.68625 13032 221
0.436  665.903 1 109.68725 13055 222
0.438  667.034 1 109.68725 13021 223
0.44  668.132 1 109.68625 13082 222
0.442  669.263 1 109.68625 13199 222
0.444  670.364 1 109.68625 13102 224
0.446  671.500 1 109.6494 13111 224
0.448  672.633 1 109.58665 13120 223
0.45  673.752 1 109.58665 13022 225
0.452  674.893 1 109.6255 13012 224
0.454  676.028 1 109.68625 12915 225
0.456  677.159 1 109.68526 13003 226
0.458  678.257 1 109.68625 12972 229
0.46  679.382 1 109.58665 13047 230
0.462  680.504 1 109.58665 12944 233
0.464  681.637 1 109.58566 13034 233
0.466  682.757 1 109.58665 13048 233
0.468  683.931 1 109.58765 13080 233
0.47  685.067 1 109.58665 13085 234
0.472  686.183 1 109.58765 13101 234
0.474  687.311 1 109.58665 13139 234
0.476  688.441 1 109.58665 12980 235
0.478  689.545 1 109.58665 13054 235
0.48  690.675 1 109.58665 13091 235
0.482  691.808 1 109.58665 13006 234
0.484  692.954 1 109.58765 13051 236
0.486  694.089 1 109.52291 13018 238
0.488  695.225 1 109.53486 13111 237
0.49  696.375 1 109.53586 13025 237
0.492  697.539 1 109.54582 12997 237
0.494  698.639 1 109.58765 12891 237
0.496  699.774 1 109.58665 12896 237
0.498  700.878 1 109.58765 12916 236
0.5  701.996 1 109.58765 12993 235
0.502  703.128 1 109.58765 12894 234
0.504  704.257 1 109.58765 12929 234
0.506  705.394 1 109.58665 12865 234
0.508  706.521 1 109.58765 13093 232
0.51  707.626 1 109.58765 12864 231
0.512  708.754 1 109.58765 12956 231
0.514  709.854 1 109.58665 13078 230
0.516  710.955 1 109.58765 13006 228
0.518  712.091 1 109.58765 12912 227
0.52  713.225 1 109.58665 12968 227
0.522  714.347 1 109.58665 12960 225
0.524  715.479 1 109.58665 12954 226
0.526  716.611 1 109.58665 12900 227
0.528  717.743 1 109.54084 12932 226
0.53  718.875 1 109.48705 12902 224
0.532  719.977 1 109.50398 12932 219
0.534  721.080 1 109.58566 12760 217
0.536  722.213 1 109.53486 12764 218
0.538  723.314 1 109.48705 12889 215
0.54  724.472 1 109.48705 12823 216
0.542  725.604 1 109.48904 12821 216
0.544  726.704 1 109.48805 12781 222
0.546  727.832 1 109.48805 12839 221
0.548  728.964 1 109.48805 12881 220
0.55  730.094 1 109.48705 12883 221
0.552  731.225 1 109.48705 12928 220
0.554  732.326 1 109.48705 12811 222
0.556  733.424 1 109.48606 12863 223
0.558  734.570 1 109.52789 12923 224
0.56  735.696 1 109.48705 12866 224
0.562  736.827 1 109.48705 12970 223
0.564  737.959 1 109.48606 12918 224
0.566  739.088 1 109.48705 12869 224
0.568  740.211 1 109.48705 12924 223
0.57  741.314 1 109.48705 12969 223
0.572  742.458 1 109.48805 12991 222
0.574  743.590 1 109.48805 13017 222
0.576  744.719 1 109.48805 12935 224
0.578  745.848 1 109.48904 13006 222
0.58  746.985 1 109.48705 12989 223
0.582  748.119 1 109.41036 12885 225
0.584  749.256 1 109.38845 13008 225
0.586  750.398 1 109.38845 12965 225
0.588  751.536 1 109.45817 12827 225
0.59  752.670 1 109.48705 12787 225
0.592  753.788 1 109.43327 12692 226
0.594  754.890 1 109.43625 12748 226
0.596  755.994 1 109.43825 12839 225
0.598  757.096 1 109.43227 12865 225
0.6  758.226 1 109.38845 12843 224